4978.03					
4434.92					
3729.31					
3322.44					
2959.96					
2489.02					
2217.46					
1864.66					
1661.22					
1479.98					
1244.51					
1108.73					
932.328					
830.609					
739.989					
622.254					
554.365					
466.164					
415.305					
369.994					
311.127					
277.183					
233.082					
207.652					
184.997					
155.563					
138.591					
116.541					
103.826					
92.4986					
77.7817					
69.2957					
58.2705			
51.9131					
46.2493
38.8909					
34.6478					
29.1352					
25.9565					
23.1247				
19.4454	
